

Starting AVL tree: 



-------------------------

Insert: 9

9 

Tree Height: 1

-------------------------

Insert: 7

9 
7 

Tree Height: 2

-------------------------

Insert: 14

9 
7 14 

Tree Height: 2

-------------------------

Insert: 25

9 
7 14 
25 

Tree Height: 3

-------------------------

Insert: 2

9 
7 14 
2 25 

Tree Height: 3

-------------------------

Insert: 23


**Rotate right-left**
9 
7 23 
2 14 25 

Tree Height: 3

-------------------------

Insert: 4


**Rotate Left-Right**
9 
4 23 
2 7 14 25 

Tree Height: 3

-------------------------

Insert: 18

9 
4 23 
2 7 14 25 
18 

Tree Height: 4

-------------------------

Insert: 10

9 
4 23 
2 7 14 25 
10 18 

Tree Height: 4

-------------------------

Insert: 27

9 
4 23 
2 7 14 25 
10 18 27 

Tree Height: 4

-------------------------

Insert: 3

9 
4 23 
2 7 14 25 
3 10 18 27 

Tree Height: 4

-------------------------

Insert: 22

9 
4 23 
2 7 14 25 
3 10 18 27 
22 

Tree Height: 5

-------------------------

Insert: 30


**Rotate Right-Right**
9 
4 23 
2 7 14 27 
3 10 18 25 30 
22 

Tree Height: 5

-------------------------

Insert: 24

9 
4 23 
2 7 14 27 
3 10 18 25 30 
22 24 

Tree Height: 5

-------------------------

Insert: 26

9 
4 23 
2 7 14 27 
3 10 18 25 30 
22 24 26 

Tree Height: 5

-------------------------

Insert: 21


**Rotate right-left**
9 
4 23 
2 7 14 27 
3 10 21 25 30 
18 22 24 26 

Tree Height: 5

-------------------------

Insert: 1

9 
4 23 
2 7 14 27 
1 3 10 21 25 30 
18 22 24 26 

Tree Height: 5

-------------------------

Insert: 28

9 
4 23 
2 7 14 27 
1 3 10 21 25 30 
18 22 24 26 28 

Tree Height: 5

-------------------------

Insert: 8

9 
4 23 
2 7 14 27 
1 3 8 10 21 25 30 
18 22 24 26 28 

Tree Height: 5

-------------------------

Insert: 19


**Rotate right-left**
9 
4 23 
2 7 18 27 
1 3 8 14 21 25 30 
10 19 22 24 26 28 

Tree Height: 5

-------------------------

Insert: 16

9 
4 23 
2 7 18 27 
1 3 8 14 21 25 30 
10 16 19 22 24 26 28 

Tree Height: 5

-------------------------

Insert: 17


**Rotate right-left**
18 
9 23 
4 14 21 27 
2 7 10 16 19 22 25 30 
1 3 8 17 24 26 28 

Tree Height: 5

-------------------------

Insert: 26

18 
9 23 
4 14 21 27 
2 7 10 16 19 22 25 30 
1 3 8 17 24 26 28 

Tree Height: 5

-------------------------

Insert: 12

18 
9 23 
4 14 21 27 
2 7 10 16 19 22 25 30 
1 3 8 12 17 24 26 28 

Tree Height: 5

-------------------------

Insert: 29


**Rotate Left-Right**
18 
9 23 
4 14 21 27 
2 7 10 16 19 22 25 29 
1 3 8 12 17 24 26 28 30 

Tree Height: 5

-------------------------

Insert: 6

18 
9 23 
4 14 21 27 
2 7 10 16 19 22 25 29 
1 3 6 8 12 17 24 26 28 30 

Tree Height: 5

-------------------------

Insert: 10

18 
9 23 
4 14 21 27 
2 7 10 16 19 22 25 29 
1 3 6 8 12 17 24 26 28 30 

Tree Height: 5

-------------------------

Insert: 5

18 
9 23 
4 14 21 27 
2 7 10 16 19 22 25 29 
1 3 6 8 12 17 24 26 28 30 
5 

Tree Height: 6

-------------------------

Insert: 15

18 
9 23 
4 14 21 27 
2 7 10 16 19 22 25 29 
1 3 6 8 12 15 17 24 26 28 30 
5 

Tree Height: 6

-------------------------

Insert: 20

18 
9 23 
4 14 21 27 
2 7 10 16 19 22 25 29 
1 3 6 8 12 15 17 20 24 26 28 30 
5 

Tree Height: 6

-------------------------

Insert: 26

18 
9 23 
4 14 21 27 
2 7 10 16 19 22 25 29 
1 3 6 8 12 15 17 20 24 26 28 30 
5 

Tree Height: 6

-------------------------

Insert: 13


**Rotate Right-Right**
18 
9 23 
4 14 21 27 
2 7 12 16 19 22 25 29 
1 3 6 8 10 13 15 17 20 24 26 28 30 
5 

Tree Height: 6

-------------------------

Insert: 11

18 
9 23 
4 14 21 27 
2 7 12 16 19 22 25 29 
1 3 6 8 10 13 15 17 20 24 26 28 30 
5 11 

Tree Height: 6

-------------------------

Insert: 28

18 
9 23 
4 14 21 27 
2 7 12 16 19 22 25 29 
1 3 6 8 10 13 15 17 20 24 26 28 30 
5 11 

Tree Height: 6

-------------------------

First file is complete. Opening second file now: 

-------------------------

Delete: 13

18 
9 23 
4 14 21 27 
2 7 12 16 19 22 25 29 
1 3 6 8 10 15 17 20 24 26 28 30 
5 11 

Tree Height: 6

-------------------------

Delete: 12

18 
9 23 
4 14 21 27 
2 7 10 16 19 22 25 29 
1 3 6 8 11 15 17 20 24 26 28 30 
5 

Tree Height: 6

-------------------------

Delete: 10

18 
9 23 
4 14 21 27 
2 7 11 16 19 22 25 29 
1 3 6 8 15 17 20 24 26 28 30 
5 

Tree Height: 6

-------------------------

Search: 7 - found at level 4

18 
9 23 
4 14 21 27 
2 7 11 16 19 22 25 29 
1 3 6 8 15 17 20 24 26 28 30 
5 

Tree Height: 6

-------------------------

Search: 28 - found at level 5

18 
9 23 
4 14 21 27 
2 7 11 16 19 22 25 29 
1 3 6 8 15 17 20 24 26 28 30 
5 

Tree Height: 6

-------------------------

Search: 30 - found at level 5

18 
9 23 
4 14 21 27 
2 7 11 16 19 22 25 29 
1 3 6 8 15 17 20 24 26 28 30 
5 

Tree Height: 6

-------------------------

Insert: 7

18 
9 23 
4 14 21 27 
2 7 11 16 19 22 25 29 
1 3 6 8 15 17 20 24 26 28 30 
5 

Tree Height: 6

-------------------------

Insert: 5

18 
9 23 
4 14 21 27 
2 7 11 16 19 22 25 29 
1 3 6 8 15 17 20 24 26 28 30 
5 

Tree Height: 6

-------------------------

Delete: 1

18 
9 23 
4 14 21 27 
2 7 11 16 19 22 25 29 
3 6 8 15 17 20 24 26 28 30 
5 

Tree Height: 6

-------------------------

Delete: 3

18 
9 23 
4 14 21 27 
2 7 11 16 19 22 25 29 
6 8 15 17 20 24 26 28 30 
5 

Tree Height: 6

-------------------------

Insert: 7

**Rotate right-left**

18 
9 23 
6 14 21 27 
4 7 11 16 19 22 25 29 
2 5 8 15 17 20 24 26 28 30 

Tree Height: 5

-------------------------

Delete: 30

18 
9 23 
6 14 21 27 
4 7 11 16 19 22 25 29 
2 5 8 15 17 20 24 26 28 

Tree Height: 5

-------------------------

Insert: 7

18 
9 23 
6 14 21 27 
4 7 11 16 19 22 25 29 
2 5 8 15 17 20 24 26 28 

Tree Height: 5

-------------------------

Delete: 2

18 
9 23 
6 14 21 27 
4 7 11 16 19 22 25 29 
5 8 15 17 20 24 26 28 

Tree Height: 5

-------------------------

