Insert: 9

9 

Tree Height: 1

-------------------------

Insert: 7

9 
7 

Tree Height: 2

-------------------------

Insert: 14

9 
7 14 

Tree Height: 2

-------------------------

Insert: 25

9 
7 14 
25 

Tree Height: 3

-------------------------

Insert: 2

9 
7 14 
2 25 

Tree Height: 3

-------------------------

Insert: 23

9 
7 14 
2 25 
23 

Tree Height: 4

-------------------------

Insert: 4

9 
7 14 
2 25 
4 23 

Tree Height: 4

-------------------------

Insert: 18

9 
7 14 
2 25 
4 23 
18 

Tree Height: 5

-------------------------

Insert: 10

9 
7 14 
2 10 25 
4 23 
18 

Tree Height: 5

-------------------------

Insert: 27

9 
7 14 
2 10 25 
4 23 27 
18 

Tree Height: 5

-------------------------

Insert: 3

9 
7 14 
2 10 25 
4 23 27 
3 18 

Tree Height: 5

-------------------------

Insert: 22

9 
7 14 
2 10 25 
4 23 27 
3 18 
22 

Tree Height: 6

-------------------------

Insert: 30

9 
7 14 
2 10 25 
4 23 27 
3 18 30 
22 

Tree Height: 6

-------------------------

Insert: 24

9 
7 14 
2 10 25 
4 23 27 
3 18 24 30 
22 

Tree Height: 6

-------------------------

Insert: 26

9 
7 14 
2 10 25 
4 23 27 
3 18 24 26 30 
22 

Tree Height: 6

-------------------------

Insert: 21

9 
7 14 
2 10 25 
4 23 27 
3 18 24 26 30 
22 
21 

Tree Height: 7

-------------------------

Insert: 1

9 
7 14 
2 10 25 
1 4 23 27 
3 18 24 26 30 
22 
21 

Tree Height: 7

-------------------------

Insert: 28

9 
7 14 
2 10 25 
1 4 23 27 
3 18 24 26 30 
22 28 
21 

Tree Height: 7

-------------------------

Insert: 8

9 
7 14 
2 8 10 25 
1 4 23 27 
3 18 24 26 30 
22 28 
21 

Tree Height: 7

-------------------------

Insert: 19

9 
7 14 
2 8 10 25 
1 4 23 27 
3 18 24 26 30 
22 28 
21 
19 

Tree Height: 8

-------------------------

Insert: 16

9 
7 14 
2 8 10 25 
1 4 23 27 
3 18 24 26 30 
16 22 28 
21 
19 

Tree Height: 8

-------------------------

Insert: 17

9 
7 14 
2 8 10 25 
1 4 23 27 
3 18 24 26 30 
16 22 28 
17 21 
19 

Tree Height: 8

-------------------------

Insert: 26

9 
7 14 
2 8 10 25 
1 4 23 27 
3 18 24 26 30 
16 22 28 
17 21 
19 

Tree Height: 8

-------------------------

Insert: 12

9 
7 14 
2 8 10 25 
1 4 12 23 27 
3 18 24 26 30 
16 22 28 
17 21 
19 

Tree Height: 8

-------------------------

Insert: 29

9 
7 14 
2 8 10 25 
1 4 12 23 27 
3 18 24 26 30 
16 22 28 
17 21 29 
19 

Tree Height: 8

-------------------------

Insert: 6

9 
7 14 
2 8 10 25 
1 4 12 23 27 
3 6 18 24 26 30 
16 22 28 
17 21 29 
19 

Tree Height: 8

-------------------------

Insert: 10

9 
7 14 
2 8 10 25 
1 4 12 23 27 
3 6 18 24 26 30 
16 22 28 
17 21 29 
19 

Tree Height: 8

-------------------------

Insert: 5

9 
7 14 
2 8 10 25 
1 4 12 23 27 
3 6 18 24 26 30 
5 16 22 28 
17 21 29 
19 

Tree Height: 8

-------------------------

Insert: 15

9 
7 14 
2 8 10 25 
1 4 12 23 27 
3 6 18 24 26 30 
5 16 22 28 
15 17 21 29 
19 

Tree Height: 8

-------------------------

Insert: 20

9 
7 14 
2 8 10 25 
1 4 12 23 27 
3 6 18 24 26 30 
5 16 22 28 
15 17 21 29 
19 
20 

Tree Height: 9

-------------------------

Insert: 26

9 
7 14 
2 8 10 25 
1 4 12 23 27 
3 6 18 24 26 30 
5 16 22 28 
15 17 21 29 
19 
20 

Tree Height: 9

-------------------------

Insert: 13

9 
7 14 
2 8 10 25 
1 4 12 23 27 
3 6 13 18 24 26 30 
5 16 22 28 
15 17 21 29 
19 
20 

Tree Height: 9

-------------------------

Insert: 11

9 
7 14 
2 8 10 25 
1 4 12 23 27 
3 6 11 13 18 24 26 30 
5 16 22 28 
15 17 21 29 
19 
20 

Tree Height: 9

-------------------------

Insert: 28

9 
7 14 
2 8 10 25 
1 4 12 23 27 
3 6 11 13 18 24 26 30 
5 16 22 28 
15 17 21 29 
19 
20 

Tree Height: 9

-------------------------

First file is complete. Opening second file now: 

-------------------------

Delete: 13

9 
7 14 
2 8 10 25 
1 4 12 23 27 
3 6 11 18 24 26 30 
5 16 22 28 
15 17 21 29 
19 
20 

Tree Height: 9

-------------------------

Delete: 12

9 
7 14 
2 8 10 25 
1 4 11 23 27 
3 6 18 24 26 30 
5 16 22 28 
15 17 21 29 
19 
20 

Tree Height: 9

-------------------------

Delete: 10

9 
7 14 
2 8 11 25 
1 4 23 27 
3 6 18 24 26 30 
5 16 22 28 
15 17 21 29 
19 
20 

Tree Height: 9

-------------------------

Search: 7 - found at level 2

9 
7 14 
2 8 11 25 
1 4 23 27 
3 6 18 24 26 30 
5 16 22 28 
15 17 21 29 
19 
20 

Tree Height: 9

-------------------------

Search: 28 - found at level 6

9 
7 14 
2 8 11 25 
1 4 23 27 
3 6 18 24 26 30 
5 16 22 28 
15 17 21 29 
19 
20 

Tree Height: 9

-------------------------

Search: 30 - found at level 5

9 
7 14 
2 8 11 25 
1 4 23 27 
3 6 18 24 26 30 
5 16 22 28 
15 17 21 29 
19 
20 

Tree Height: 9

-------------------------

Insert: 7

9 
7 14 
2 8 11 25 
1 4 23 27 
3 6 18 24 26 30 
5 16 22 28 
15 17 21 29 
19 
20 

Tree Height: 9

-------------------------

Insert: 5

9 
7 14 
2 8 11 25 
1 4 23 27 
3 6 18 24 26 30 
5 16 22 28 
15 17 21 29 
19 
20 

Tree Height: 9

-------------------------

Delete: 1

9 
7 14 
2 8 11 25 
4 23 27 
3 6 18 24 26 30 
5 16 22 28 
15 17 21 29 
19 
20 

Tree Height: 9

-------------------------

Delete: 3

9 
7 14 
2 8 11 25 
4 23 27 
6 18 24 26 30 
5 16 22 28 
15 17 21 29 
19 
20 

Tree Height: 9

-------------------------

Insert: 7

9 
7 14 
2 8 11 25 
4 23 27 
6 18 24 26 30 
5 16 22 28 
15 17 21 29 
19 
20 

Tree Height: 9

-------------------------

Delete: 30

9 
7 14 
2 8 11 25 
4 23 27 
6 18 24 26 28 
5 16 22 29 
15 17 21 
19 
20 

Tree Height: 9

-------------------------

Insert: 7

9 
7 14 
2 8 11 25 
4 23 27 
6 18 24 26 28 
5 16 22 29 
15 17 21 
19 
20 

Tree Height: 9

-------------------------

Delete: 2

9 
7 14 
4 8 11 25 
6 23 27 
5 18 24 26 28 
16 22 29 
15 17 21 
19 
20 

Tree Height: 9

-------------------------

